1500
27.650
22.088
25.292
27.850
27.039
23.561
22.879
22.950
26.876
24.862
24.581
27.949
29.912
22.731
26.808
26.448
24.129
23.466
25.130
29.388
26.534
29.819
22.306
29.101
24.482
25.204
23.928
26.341
29.770
25.331
22.368
23.721
24.517
28.487
25.221
24.674
28.850
22.750
24.504
29.590
28.967
22.057
25.494
22.335
27.520
26.701
27.620
29.304
23.215
26.704
24.555
23.726
28.993
28.602
27.061
27.637
28.859
28.553
25.897
23.435
22.559
28.961
23.813
23.540
22.778
22.260
27.585
27.343
26.514
28.749
28.112
25.241
29.520
27.358
27.823
23.219
24.885
22.296
26.907
28.178
26.537
22.908
27.198
28.878
29.926
28.334
29.650
26.289
24.291
25.254
24.982
27.621
27.642
27.230
25.711
29.314
25.219
28.249
26.382
25.828
26.439
28.121
26.008
25.613
27.938
27.147
27.045
29.489
22.774
26.398
29.672
24.704
24.806
27.182
22.868
22.128
28.970
24.011
27.715
24.239
24.246
28.171
28.556
23.032
22.656
29.577
22.229
22.014
22.390
28.902
28.421
25.185
29.936
24.174
27.746
26.582
26.643
23.959
23.134
23.256
24.958
23.914
28.008
28.187
28.090
29.545
25.653
22.480
29.607
25.988
29.480
24.106
29.471
22.405
29.850
29.456
23.782
25.839
23.675
23.967
23.785
23.992
29.014
29.386
25.132
29.171
25.806
26.521
23.767
23.368
27.664
22.968
25.846
28.317
27.414
26.992
26.490
24.609
22.377
22.436
29.387
26.399
26.893
29.270
28.200
26.424
29.433
22.985
27.918
26.681
25.935
25.748
25.390
22.399
24.391
24.874
29.486
29.236
24.091
25.835
22.972
27.283
27.366
26.343
29.543
29.581
23.092
22.796
25.893
28.898
28.431
23.711
26.222
29.061
22.873
24.060
26.683
23.171
22.346
25.669
29.757
27.501
27.275
23.459
27.624
27.247
24.065
29.358
29.241
27.190
28.392
28.303
28.395
28.179
25.681
27.763
29.084
27.490
29.389
27.392
25.198
28.359
28.195
26.699
28.323
24.634
25.570
24.923
23.326
25.387
22.161
28.856
28.605
24.398
23.799
29.648
23.360
29.678
28.436
25.754
24.344
28.969
29.887
29.867
24.574
25.321
23.657
22.186
27.998
23.779
22.763
25.415
24.647
28.615
24.170
29.814
29.570
25.947
27.019
22.352
23.504
28.350
25.853
25.306
26.984
27.100
24.128
22.660
24.137
23.807
23.473
26.045
27.265
28.261
26.894
27.269
26.122
24.545
25.376
23.470
29.122
28.530
23.113
23.633
26.228
29.693
27.994
27.356
22.282
22.946
26.618
28.086
23.750
27.984
28.094
28.404
22.101
23.597
22.570
29.978
25.015
27.603
25.618
23.372
29.334
28.994
24.763
24.270
27.719
24.342
26.991
28.205
23.965
29.499
24.305
23.482
24.469
28.542
24.614
29.137
23.941
22.026
28.172
27.135
29.575
22.880
24.856
28.416
23.462
26.133
27.638
23.258
25.457
29.060
29.722
29.859
23.392
26.775
24.025
29.202
28.777
28.559
24.659
25.946
26.616
22.608
24.012
28.622
24.009
25.206
29.135
27.593
24.122
27.086
26.102
23.787
27.224
29.081
23.383
29.344
26.173
24.077
25.493
28.106
26.151
29.409
24.163
25.027
23.909
28.630
23.401
25.465
28.811
23.426
27.582
22.925
29.420
24.268
25.581
28.465
28.124
22.270
29.231
23.490
24.037
28.937
23.237
23.957
27.644
26.963
24.648
23.890
25.109
25.131
29.467
26.944
22.152
25.586
24.645
27.286
27.819
22.761
29.828
22.710
25.996
26.706
23.041
27.833
22.882
27.335
25.287
26.823
25.529
25.717
25.707
23.948
26.671
28.569
26.747
27.345
29.049
27.187
28.279
23.486
25.880
29.858
28.014
22.221
26.872
27.709
22.614
28.215
26.948
29.017
23.418
26.930
25.928
25.910
22.883
25.962
22.565
28.684
29.661
27.995
23.638
29.559
24.078
28.849
24.537
25.671
24.825
23.094
23.698
23.146
26.742
22.218
24.151
29.996
28.977
25.792
23.275
28.357
23.060
29.240
29.407
27.560
27.451
29.125
28.823
29.782
26.739
22.201
22.172
26.769
24.735
23.202
29.691
23.702
22.069
22.578
28.673
23.998
22.531
24.635
22.715
27.499
25.077
23.862
26.852
29.778
26.723
29.676
29.597
22.338
22.834
29.242
29.280
24.181
23.958
23.747
28.742
26.333
23.511
27.602
24.686
24.033
26.026
24.040
29.368
27.361
24.299
24.079
26.489
26.312
25.139
25.963
24.603
27.798
27.210
25.468
29.497
22.239
28.864
26.394
25.689
26.625
27.411
27.697
28.050
26.949
23.717
25.528
27.360
28.236
25.531
23.468
26.201
22.525
27.450
29.404
23.697
25.215
29.311
25.786
23.722
26.234
23.654
29.068
24.864
28.224
29.222
25.226
26.158
26.434
27.122
24.527
28.024
26.237
27.052
27.722
27.724
24.933
27.056
26.025
29.924
28.905
26.024
27.457
24.417
25.003
29.582
27.751
22.706
25.763
22.078
22.930
29.787
25.980
22.350
22.942
25.762
26.157
25.028
24.709
24.941
25.065
25.829
26.093
29.214
26.687
25.455
26.125
22.032
24.699
24.127
24.375
25.091
29.823
26.821
22.504
28.821
22.121
29.472
27.653
28.391
27.022
25.697
27.564
29.779
26.581
27.765
24.235
29.636
28.492
26.997
22.030
26.657
22.120
23.551
24.172
22.176
22.361
24.304
23.170
23.911
23.177
25.194
23.537
22.500
22.400
22.433
28.613
27.468
26.784
23.713
26.068
28.782
25.134
25.097
23.936
27.488
26.135
27.707
25.092
29.367
28.381
24.626
28.568
29.259
24.261
24.559
29.967
28.871
24.911
28.714
25.559
24.535
29.873
23.120
22.081
29.994
26.502
22.330
22.627
22.527
24.550
22.463
29.818
27.043
23.119
23.276
22.297
23.477
23.977
28.702
26.790
22.079
28.847
26.106
25.878
28.642
22.349
23.436
23.708
22.205
29.710
23.790
27.756
25.892
25.447
23.935
26.342
26.469
25.592
28.706
24.145
24.860
26.383
26.857
23.000
25.816
22.507
25.155
26.975
25.233
24.232
23.817
27.397
27.317
22.342
23.984
23.497
22.827
27.149
25.693
28.452
29.600
26.753
23.836
26.572
24.914
25.519
28.781
23.628
29.384
26.924
22.871
24.654
26.908
26.072
24.694
26.925
29.983
28.298
23.046
26.462
26.279
28.868
27.801
28.290
23.520
27.554
29.443
23.374
27.310
22.651
26.970
27.430
29.609
26.765
26.757
29.655
24.134
22.881
22.200
29.889
28.369
26.613
27.687
26.938
28.565
27.884
24.932
27.680
23.646
22.521
25.518
24.435
22.575
28.649
26.838
25.646
25.114
23.416
23.516
24.643
24.183
24.063
27.329
22.598
29.478
28.210
28.877
23.244
25.359
26.276
26.864
27.406
26.604
22.202
29.309
29.548
22.518
27.608
25.699
29.834
26.292
29.783
28.822
22.900
23.192
29.423
26.384
29.252
28.160
24.994
29.984
25.425
23.218
24.493
22.495
23.595
23.509
25.290
29.585
29.065
23.102
22.583
24.010
23.220
29.633
24.115
25.413
23.472
28.863
25.417
22.291
26.240
29.174
24.205
27.003
23.770
28.687
22.929
28.924
29.907
27.974
29.531
27.390
25.923
27.012
23.129
26.915
25.602
25.033
26.845
22.577
29.935
22.431
24.314
29.363
28.278
23.695
23.613
29.218
27.425
27.553
22.276
26.485
24.331
24.680
28.141
28.992
24.605
27.912
27.922
28.510
26.789
29.348
26.198
27.038
24.343
23.871
27.552
22.123
26.879
25.540
25.958
27.405
29.885
25.377
28.579
23.614
24.474
26.315
26.264
23.281
26.084
29.709
24.032
27.192
24.244
26.038
25.238
27.634
27.957
22.851
28.007
22.252
25.578
26.597
25.983
27.164
22.254
29.909
25.202
23.277
25.666
22.858
24.925
26.429
26.249
23.352
22.890
25.044
22.845
28.508
24.683
28.157
27.404
23.932
29.670
24.225
28.851
22.362
29.146
23.061
26.476
29.040
27.171
27.120
27.555
22.159
24.016
22.066
23.893
23.979
28.120
24.286
28.443
28.801
26.059
26.397
26.594
22.636
22.668
23.384
28.128
22.999
28.310
24.580
28.480
22.135
25.452
25.334
24.420
25.933
29.510
24.138
22.453
27.080
24.491
24.875
29.743
25.372
29.816
22.958
27.342
23.895
24.321
28.095
22.650
27.862
22.423
23.828
26.786
28.965
28.360
22.739
27.619
23.168
22.532
24.159
22.784
23.947
23.575
27.643
25.843
25.428
26.303
26.409
28.688
27.728
28.002
26.982
26.548
24.769
24.955
25.709
26.655
24.689
29.215
26.595
25.913
27.242
28.153
27.462
23.308
29.953
26.451
23.983
24.218
28.371
26.226
28.332
25.244
28.163
29.793
26.262
26.030
24.228
27.238
29.415
25.383
25.794
27.251
29.986
22.428
27.013
22.967
27.288
22.059
24.311
29.979
29.882
25.263
27.626
28.683
22.637
22.132
26.283
24.445
23.780
22.204
26.139
25.159
28.663
24.486
24.458
28.031
26.286
27.046
24.536
23.159
29.857
22.611
23.748
29.444
22.748
25.998
24.700
22.124
24.762
27.320
28.281
22.110
25.542
24.653
22.955
23.204
27.396
26.895
27.502
23.464
22.813
28.589
22.808
24.628
27.034
24.840
23.594
22.093
26.467
24.114
26.563
25.483
24.964
23.550
24.836
25.384
22.860
26.207
29.615
28.710
24.618
26.104
22.557
27.752
25.956
26.946
29.105
23.148
24.201
29.706
24.003
23.069
25.245
26.299
25.565
25.042
26.878
29.605
24.090
22.520
29.652
29.692
22.082
27.264
27.892
29.189
26.181
29.941
22.054
25.478
23.142
25.803
22.510
26.481
26.051
23.429
26.692
29.372
25.268
25.791
29.922
23.216
23.106
28.169
24.173
23.400
27.471
27.788
25.509
29.969
23.693
26.161
24.168
25.409
29.185
22.685
24.615
25.305
29.145
27.955
24.935
25.420
29.157
29.509
26.270
24.376
22.284
24.831
27.315
26.645
23.114
27.891
25.766
25.701
29.666
23.108
28.845
29.958
24.377
29.940
28.511
27.574
27.600
28.968
29.184
23.652
22.092
26.609
28.694
25.941
26.252
29.939
27.172
29.487
29.109
25.541
29.769
25.773
27.832
23.325
29.621
22.760
25.932
29.804
29.359
25.335
23.265
28.643
24.716
24.457
25.691
23.038
26.628
24.167
29.225
23.085
25.771
22.501
24.341
23.826
22.669
25.986
24.245
27.064
28.661
22.535
22.466
27.027
22.989
22.028
28.208
23.447
28.633
22.444
23.534
26.792
22.513
28.348
29.734
26.635
26.637
24.569
22.974
27.623
29.731
23.245
27.028
25.301
27.136
28.767
25.534
28.181
24.656
24.217
24.348
28.453
26.883
29.736
25.545
22.914
27.341
28.765
25.227
23.602
29.495
26.103
28.080
26.352
28.974
26.527
26.886
24.316
26.965
29.861
25.258
27.281
29.905
22.964
22.951
27.881
23.452
28.307
29.863
24.784
28.027
23.045
29.627
24.450
27.301
22.920
24.953
22.907
24.934
29.293
22.185
28.842
22.648
28.893
23.043
24.676
25.547
29.235
26.685
22.909
22.237
24.066
28.891
23.446
22.373
25.849
29.045
24.080
26.764
29.790
26.630
22.019
28.483
28.489
25.716
26.889
23.259
24.002
25.612
28.695
24.644
23.915
26.002
28.919
29.151
24.980
27.877
25.280
29.883
27.456
25.368
28.784
25.745
27.617
23.877
28.459
28.761
28.384
26.767
22.776
27.896
28.101
29.748
22.481
23.337
23.408
29.052
28.712
28.721
23.536
27.340
24.677
24.461
25.484
24.657
24.130
22.192
29.254
23.088
27.701
22.478
25.085
23.962
27.077
29.276
28.019
29.465
23.564
24.363
24.786
23.379
28.585
29.402
26.311
25.120
24.858
25.169
24.734
24.822
22.139
26.428
25.654
25.408
23.631
28.724
25.683
26.253
28.328
28.575
27.368
29.874
25.688
28.372
29.988
29.018
25.832
29.245
24.318
27.381
27.713
27.289
29.875
27.353
26.958
24.630
28.758
23.624
23.009
24.741
26.193
28.963
28.833
25.446
23.169
25.469
26.317
26.636
23.741
27.967
26.892
25.358
26.379
26.912
26.910
24.522
27.613
27.547
23.946
28.417
25.347
23.855
27.944
26.331
26.756
23.533
27.740
23.087
23.105
29.965
25.137
24.719
25.256
25.622
26.659
28.263
26.652
27.292
25.914
29.172
29.975
27.355
24.988
22.328
28.612
26.515
27.389
27.318
23.573
28.921
28.267
23.194
24.610
25.050
23.035
23.149
28.032
29.258
25.801
27.858
27.402
24.126
25.511
23.701
25.104
23.439
27.321
29.560
24.081
27.514
25.174
29.287
23.872